type,avg,std,min,p5,p10,p50,p67,p75,p80,p85,p90,p95,p99,p999,p9999,QPS,target,ts_start,ts_end,diff,left,right
1,306.3,215.3,160.7,214.9,225.2,286.2,319,339.9,355.5,373.5,398,432.5,505,1763.1,10244.8,30043.4,30000,1.71483E+12,1.71483E+12,10.179,0,10.179
1,303.7,176,160.7,213.5,224.2,285.8,318.7,339.4,355,373.3,397.8,432,500.1,1213.3,8087.4,30059.4,30005,1.71483E+12,1.71483E+12,10.14,10.179,20.319
1,301,170.3,160.7,212.3,223.1,281.7,314.3,334.5,349.1,368.8,393.9,430.1,500.7,1675,8050.7,30081.6,30010,1.71483E+12,1.71483E+12,10.118,20.319,30.437
1,301.2,159.5,160.7,211.4,222.8,284.8,317,336.7,350.9,369.1,392.9,427,495.3,1272,7988.4,30001.4,30015,1.71483E+12,1.71483E+12,10.121,30.437,40.558
1,304.6,196.2,160.7,213.2,224.1,286,318.6,338.9,353.8,371.8,396.3,430.9,500.2,1720.9,8751.4,29895.8,30020,1.71483E+12,1.71483E+12,10.114,40.558,50.672
1,304.1,180.4,173.5,213.9,224.6,286.2,318.6,338.8,353.8,371.7,395.9,430.4,500.7,1532.8,7957.2,29923.5,30025,1.71483E+12,1.71483E+12,10.122,50.672,60.794
1,301,171.3,160.7,210.7,221.9,282.5,316,336.6,351.6,370.4,395,429.6,498.6,1382.9,7979.8,30137.2,30030,1.71483E+12,1.71483E+12,10.116,60.794,70.91
1,304.2,195.7,160.7,212.9,223.9,284.9,317.3,337.6,352.7,371.2,396,431.4,501.3,2067.4,8495.5,29980.7,30035,1.71483E+12,1.71483E+12,10.116,70.91,81.026
1,304.4,189.7,160.7,213.9,224.7,287,319,338.8,353.3,371.1,395.1,428.9,496.5,1424.1,8658.7,30010.7,30040,1.71483E+12,1.71483E+12,10.115,81.026,91.141
1,301.5,194,160.7,210.9,222.1,281.7,314.5,335,350,369.1,394,429.3,501.5,1600.7,9491.1,30010.4,30045,1.71483E+12,1.71483E+12,10.114,91.141,101.255
1,309.2,216.8,160.7,212.2,224.2,290,323.5,343.8,359.9,378,402.2,436.5,509.6,1848.1,9862.5,30085,30050,1.71483E+12,1.71483E+12,10.122,101.255,111.377
1,310.5,215,160.7,214.3,226,292.6,325.3,344.8,360.5,378,401.5,435.1,506.3,1988.2,8787.4,30044.5,30055,1.71483E+12,1.71483E+12,10.129,111.377,121.506
2,303.5,176.1,160.7,210.7,222.3,285.4,318.5,339.2,354.6,372.7,397.5,432.2,506.2,1541,7986.6,30037.2,30000,1.71483E+12,1.71483E+12,10.185,0,10.185
2,300,174.5,160.7,207.6,219.5,282.6,315.9,336,350.4,369,393.5,428.1,499.1,1558.6,8112.5,29972.6,30005,1.71483E+12,1.71483E+12,10.148,10.185,20.333
2,302.3,180.2,160.7,210.5,222,285.6,318.9,339.1,354,371.9,395.6,429,500.6,1175.9,9424.1,30098.6,30010,1.71483E+12,1.71483E+12,10.116,20.333,30.449
2,301.2,160.4,160.7,210.2,221.7,284.6,317.6,337.5,352,370.1,394.1,427.4,491.3,1261.5,7442.4,30009,30015,1.71483E+12,1.71483E+12,10.115,30.449,40.564
2,303,194.8,160.7,210.8,222.1,283,316.1,336.9,352.4,371.4,397,432.8,505.8,1785.7,8666.1,29953.7,30020,1.71483E+12,1.71483E+12,10.113,40.564,50.677
2,304.4,202.5,160.7,212.1,223,285,319,339.6,354.9,372.6,396.9,430.6,500.3,1819,8690.4,30067.1,30025,1.71483E+12,1.71483E+12,10.118,50.677,60.795
2,302.7,181.6,160.7,212.5,223.6,285.4,317.5,337.3,351.6,369.6,393.4,427.3,493.8,1443.3,8215.1,30017.2,30030,1.71483E+12,1.71483E+12,10.128,60.795,70.923
2,304.1,192.1,160.7,212.2,223.3,285.5,318.5,339.3,354.9,373.3,398.3,433.7,503.5,1387,8495.1,29987.2,30035,1.71483E+12,1.71483E+12,10.111,70.923,81.034
2,303.9,197.5,160.7,210.9,222.4,285.4,317.8,337.7,352.2,370.3,394.7,428.8,497.8,2094.4,7950.1,30034.8,30040,1.71483E+12,1.71483E+12,10.112,81.034,91.146
2,302.1,187.1,160.7,209,220.8,283.8,316.7,337.2,352.4,371.2,396,431.1,509.3,1348.9,9067.9,30026.3,30045,1.71483E+12,1.71483E+12,10.118,91.146,101.264
2,305.3,209.7,160.7,212.7,223.9,286.9,320,340.5,356,373.6,398.1,432.3,500.7,1521.6,9491.7,30032.6,30050,1.71483E+12,1.71483E+12,10.115,101.264,111.379
2,305.7,184.2,160.7,214.5,225.2,288.3,320.5,341.1,356.5,373.9,398.6,432.6,500.5,1502.3,8428.1,30005.7,30055,1.71483E+12,1.71483E+12,10.11,111.379,121.489
2,306.1,178,160.7,214.6,225.3,288.3,321.2,341.8,357.5,375.3,399.7,433.3,502.6,1365.9,8139.9,29993.9,30060,1.71483E+12,1.71483E+12,10.115,121.489,131.604
3,302.8,186,160.7,213.1,223.9,285.2,317.6,338.1,353.2,371.3,395.8,430.1,496.2,1184.1,8791.6,29994.3,30000,1.71483E+12,1.71483E+12,10.184,0,10.184
3,302.6,199.4,160.7,211.4,222.6,282.2,315,335.8,351.2,370.5,395.9,431.7,502.7,2055.8,10609.8,29955,30005,1.71483E+12,1.71483E+12,10.145,10.184,20.329
3,304.4,166.4,160.7,212.6,223.9,286.7,319.2,339.7,355,372.9,397.4,431.8,502.2,1550.4,7756.4,30044,30010,1.71483E+12,1.71483E+12,10.112,20.329,30.441
3,304.7,197.8,160.7,213.6,224.4,286.2,318.9,339.2,354.4,372.3,396.6,430.5,500.7,1329.9,8738.4,30073.2,30015,1.71483E+12,1.71483E+12,10.117,30.441,40.558
3,300.6,185.1,160.7,210.9,222.2,282.9,315.3,335.3,349.7,368.4,392.7,427.3,495.6,1265.2,8574,29978.4,30020,1.71483E+12,1.71483E+12,10.118,40.558,50.676
3,301.2,151.8,160.7,212.6,223.3,283.7,316.5,336.9,351.8,370.5,394.9,428.7,499.4,1342.1,7736.4,30015.6,30025,1.71483E+12,1.71483E+12,10.115,50.676,60.791
3,304.8,193.3,160.7,213.1,224,285.9,318.8,339.3,354.5,372.5,397.1,431.5,502,1620.3,8601.5,29928.5,30030,1.71483E+12,1.71483E+12,10.112,60.791,70.903
3,303.7,168.5,160.7,213.2,224,285.4,318.1,338.6,353.9,372.3,396.8,431.1,500.5,1552.5,8219.7,30021,30035,1.71483E+12,1.71483E+12,10.119,70.903,81.022
3,304.3,204.3,160.7,213.2,224,283.9,316.4,337.3,353,372.2,397.8,433.4,503.7,1762.1,10253.7,29993.7,30040,1.71483E+12,1.71483E+12,10.115,81.022,91.137
3,303.6,183.8,160.7,212.7,223.9,286,318.6,338.8,354,372.2,396.5,430.1,496.6,1280.6,8340,30064,30045,1.71483E+12,1.71483E+12,10.11,91.137,101.247
3,302.7,178.9,160.7,211.7,223.2,285.9,317.7,337.5,352,370,393.7,427,494.1,1626.8,8198.8,29993,30050,1.71483E+12,1.71483E+12,10.118,101.247,111.365
